lib:  0.03627124301407827
h264: 6.667726758359254e-05
hmm:  0.008607927894127601 
ast:  2.2874734569703978e-06
sjg: 0.001904344228075362 
mcf: 0.01190772467199294
